0
2
4
7
10
11
13
11
10
6
2
-3
-7
-10
-13
-14
-16
-14
-13
-10
-7
-2
3
7
10
11
13
11
10
6
2
-3
-7
-10
-13
-14
-16
-14
-13
-10
-7
-2
3
7
10
11
13
11
10
6
3
-2
-6
-10
-13
-14
-16
-14
-13
-10
-7
-2
3
7
10
11
13
11
10
6
2
-3
-7
-10
-13
-14
-16
-14
-13
-10
-7
-2
3
7
10
11
13
11
10
6
2
-3
-7
-10
-13
-14
-16
-14
-13
-10
-7
-2
3
7
10
11
12
11
10
6
2
-3
-7
-10
-13
-14
-16
-14
-13
-10
-7
-2
3
7
10
11
13
11
10
6
2
-3
-7
-10
-13
-14
-16
-14
-13
-10
-7
-2
3
7
10
11
13
11
10
6
3
-2
-6
-10
-13
-14
-16
-14
-13
-10
-7
-2
3
7
10
11
13
11
10
6
2
-3
-7
-10
-13
-14
-16
-14
-13
-10
-7
-2
3
7
10
11
12
11
10
6
3
-2
-6
-10
-13
-14
-16
-14
-13
-10
-7
