0
16
37
68
102
118
127
117
101
71
36
-3
-43
-78
-108
-123
-132
-122
-107
-77
-42
-3
38
71
102
117
126
117
101
71
36
-3
-43
-78
-108
-123
-132
-122
-107
-77
-42
-3
38
71
102
117
126
117
102
71
36
-3
-43
-78
-108
-123
-132
-122
-107
-77
-42
-3
38
71
102
117
126
117
102
71
36
-3
-43
-78
-108
-123
-132
-122
-107
-77
-42
-3
38
71
102
117
126
117
101
71
36
-3
-43
-77
-108
-122
-131
-121
-107
-77
-43
-4
37
71
102
117
126
117
101
71
36
-3
-43
-78
-108
-123
-132
-123
-107
-78
-42
-3
38
71
102
117
127
117
102
71
37
-3
-43
-77
-108
-122
-131
-121
-107
-77
-42
-3
38
71
102
117
126
117
101
71
36
-3
-43
-78
-108
-123
-132
-123
-107
-78
-42
-3
38
71
102
117
127
117
102
71
37
-3
-43
-78
-108
-122
-131
-121
-107
-77
-42
-3
38
71
102
117
126
117
101
71
37
-3
-43
-78
-108
-122
-131
-122
-107
-78
-43
