0
8
17
31
46
53
57
52
45
32
16
-2
-21
-36
-50
-56
-61
-56
-50
-35
-20
-2
16
32
46
52
57
52
45
32
16
-2
-21
-36
-50
-56
-61
-56
-50
-35
-20
-2
16
32
46
52
57
52
45
32
16
-1
-21
-36
-50
-56
-61
-56
-50
-35
-20
-2
16
32
46
52
57
52
45
32
16
-2
-21
-36
-50
-56
-61
-56
-50
-35
-20
-2
16
32
46
52
57
52
45
32
16
-2
-20
-35
-49
-56
-61
-56
-51
-36
-21
-2
16
32
46
52
56
52
45
32
16
-2
-21
-36
-50
-56
-61
-56
-51
-36
-21
-2
16
31
45
51
57
52
45
32
16
-2
-20
-35
-49
-56
-61
-56
-51
-36
-21
-2
16
32
46
52
57
52
45
32
16
-1
-21
-36
-50
-56
-61
-56
-50
-35
-20
-2
16
31
45
51
57
52
45
32
16
-2
-21
-36
-50
-56
-61
-56
-50
-35
-20
-2
16
32
46
52
56
52
45
32
16
-1
-21
-36
-50
-56
-61
-56
-50
-35
-20
