0
4
8
14
22
24
27
24
21
14
7
-2
-10
-17
-23
-26
-29
-26
-24
-16
-10
-1
7
14
20
23
26
24
21
14
7
-2
-10
-17
-23
-26
-29
-26
-24
-16
-10
-1
7
14
20
23
26
24
21
14
7
-2
-10
-17
-23
-26
-29
-26
-24
-16
-10
-1
7
14
20
23
26
24
21
14
7
-2
-10
-17
-23
-26
-29
-26
-24
-16
-10
-1
7
14
20
23
26
24
21
14
7
-2
-10
-17
-23
-26
-29
-26
-24
-16
-10
-1
7
14
20
23
26
24
21
14
7
-2
-10
-17
-23
-26
-29
-27
-24
-17
-10
-1
7
14
20
23
26
24
21
14
7
-2
-10
-17
-23
-26
-29
-26
-24
-16
-10
-1
7
14
20
23
26
24
21
14
7
-2
-10
-17
-23
-26
-29
-27
-24
-17
-10
-1
7
14
20
23
26
24
21
14
7
-2
-10
-17
-23
-26
-29
-26
-24
-16
-10
-1
7
14
20
23
26
24
21
14
7
-2
-10
-17
-23
-26
-29
-27
-24
-17
-10
