0
1
2
3
5
5
6
5
5
2
1
-2
-4
-6
-8
-8
-9
-8
-8
-5
-3
0
2
3
5
5
6
5
5
2
1
-2
-4
-6
-8
-8
-9
-8
-8
-5
-3
0
2
3
5
5
6
5
5
2
1
-2
-4
-6
-8
-8
-9
-8
-8
-5
-3
0
2
3
5
5
6
5
5
2
1
-2
-4
-6
-8
-8
-9
-8
-8
-5
-3
0
2
3
5
5
6
5
5
2
1
-2
-4
-6
-8
-8
-9
-8
-8
-5
-4
-1
1
3
5
5
6
5
5
2
1
-2
-4
-6
-8
-8
-9
-8
-8
-5
-3
0
2
3
5
5
6
5
5
2
1
-2
-4
-6
-8
-8
-9
-8
-8
-5
-3
0
2
3
5
5
6
5
5
2
1
-2
-4
-6
-8
-8
-9
-8
-8
-5
-3
0
2
3
5
5
6
5
5
2
1
-2
-4
-6
-8
-8
-9
-8
-8
-5
-3
0
2
3
5
5
6
5
5
2
1
-2
-4
-6
-8
-8
-9
-8
-8
-5
-4
