0
8
17
31
45
51
56
51
46
31
16
-2
-20
-34
-48
-54
-59
-54
-49
-34
-19
-1
17
31
45
51
56
51
46
31
16
-2
-20
-34
-48
-54
-59
-54
-49
-34
-19
-1
17
31
45
51
56
51
46
31
17
-1
-19
-34
-48
-54
-59
-54
-49
-34
-19
-1
17
31
45
51
56
51
46
31
16
-2
-20
-34
-48
-54
-59
-54
-49
-34
-19
-1
17
31
45
51
56
51
46
31
16
-2
-20
-34
-48
-54
-59
-54
-49
-34
-19
-1
17
31
45
51
56
51
46
31
16
-2
-20
-34
-48
-54
-59
-54
-49
-34
-19
-1
17
31
45
51
56
51
46
31
16
-2
-20
-34
-48
-54
-59
-54
-49
-34
-19
-1
17
31
45
51
56
51
46
31
17
-1
-19
-34
-48
-54
-59
-54
-49
-34
-19
-1
17
31
45
51
56
51
46
31
16
-2
-20
-34
-48
-54
-59
-54
-49
-34
-19
-1
17
31
45
51
56
51
46
31
17
-1
-19
-34
-48
-54
-59
-54
-49
-34
-20
