0
4
8
14
21
23
25
23
20
14
7
-2
-10
-18
-25
-28
-31
-28
-25
-17
-10
-1
7
14
21
23
25
23
20
14
7
-2
-10
-18
-25
-28
-31
-28
-25
-17
-10
-1
7
14
21
23
25
23
20
14
7
-2
-10
-18
-25
-28
-31
-28
-25
-17
-10
-1
7
14
21
23
25
23
20
14
7
-2
-10
-18
-25
-28
-31
-28
-25
-17
-10
-1
7
14
21
23
25
23
20
14
7
-2
-10
-18
-24
-27
-30
-28
-25
-18
-11
-2
7
14
21
23
25
23
20
14
7
-2
-10
-18
-25
-28
-31
-28
-25
-18
-11
-2
7
14
21
23
25
23
20
14
7
-2
-10
-18
-24
-27
-30
-28
-25
-18
-11
-2
7
14
21
23
25
23
20
14
7
-2
-10
-18
-25
-28
-31
-28
-25
-17
-10
-1
7
14
21
23
25
23
20
14
7
-2
-10
-18
-24
-27
-30
-28
-25
-17
-10
-1
7
14
21
23
25
23
20
14
7
-2
-10
-18
-24
-27
-30
-28
-25
-17
-10
